959252
505116
206179
217561
20335
712409
890836
552037
174293
888810
167316
484481
202195
758539
822194
888831
39813
486394
788565
834951
774516
155614
945217
552068
847348
906726
517273
273781
770031
755932
294124
641931
772184
457926
85421
68950
289967
841349
159952
665244
803764
447112
309039
64376
312783
796856
81192
939857
697443
836023
590848
671720
574152
255363
69472
690230
69832
997628
157891
990464
419233
52234
123020
459815
370111
646692
339476
805175
628643
892596
217294
201413
360229
173657
639584
406688
945472
373533
293662
357925
140371
12981
308813
781281
389814
52540
456409
615383
671261
392395
61009
418372
931629
714094
73866
936442
605071
193245
516750
16820
